[========]
[ Action ]
[========]

[Num of action] : 6

[0] - Grayscale - weighted
[1] - Horizontal flip
[2] - Max pooling
[3] - Max pooling
[4] - Horizontal flip
[5] - Cross correlation

[=====================]
[ Intermediate Output ]
[=====================]

[action] : Grayscale - weighted
[size  ] : 16

[0]        0        1        2        3        4        5        6        7        8        9       10       11       12       13       14       15     
____________________________________________________________________________________________________________________________________________________    
 0|      158      163      160      105      108      164       89      150      144      158      175      140      165      101      110       92     
 1|      140      186      127       29       96       66      160      112       82      119      142       88      149      154      123      166     
 2|      133      142      158      108      158      163      142       68      156       72      106       71      148      192      165      197     
 3|      111      138       95       92      139      175       88      132       42      115      149      178      123      161      204       77     
 4|      156      163      127      112      113      171      132       63       95      152      175      168      189       88       89      160     
 5|       47       55      121      150      163       94       78      130       24      236      129      137      132      177      144      208     
 6|      125      110      159       68       25      115      130      119       82       97      100      175       83      138      192      183     
 7|      103       91       66      140      149       83      102       71      143       67       86       75       96      116       86      163     
 8|      126      153       78      141      129       78      139      118      105      212      105      127      125      145      137      168     
 9|      225      171      231      140      138      176      187      135      127       51       80       67      178      113      107       80     
10|      167      162      148       78      139      167      212      157      139      181       84       73       93       58       90      109     
11|      172      114       79      129      160      103      100      146      139      203      100      146      215      132      145       63     
12|      192      223      180       89       82      128       79      101      220       96      119      218      204      113      145      210     
13|      131      146       87      111      174      136       43       78      149      181      185      111      100       95      129      104     
14|      195      194      104       96      169      178      100       99      116       75       89      151       92      116      136       68     
15|      158      136      148      176       65      185      151      118      178      116      118       43      167       78      175      158     

[action] : Horizontal flip
[size  ] : 16

[1]        0        1        2        3        4        5        6        7        8        9       10       11       12       13       14       15     
____________________________________________________________________________________________________________________________________________________    
 0|       92      110      101      165      140      175      158      144      150       89      164      108      105      160      163      158     
 1|      166      123      154      149       88      142      119       82      112      160       66       96       29      127      186      140     
 2|      197      165      192      148       71      106       72      156       68      142      163      158      108      158      142      133     
 3|       77      204      161      123      178      149      115       42      132       88      175      139       92       95      138      111     
 4|      160       89       88      189      168      175      152       95       63      132      171      113      112      127      163      156     
 5|      208      144      177      132      137      129      236       24      130       78       94      163      150      121       55       47     
 6|      183      192      138       83      175      100       97       82      119      130      115       25       68      159      110      125     
 7|      163       86      116       96       75       86       67      143       71      102       83      149      140       66       91      103     
 8|      168      137      145      125      127      105      212      105      118      139       78      129      141       78      153      126     
 9|       80      107      113      178       67       80       51      127      135      187      176      138      140      231      171      225     
10|      109       90       58       93       73       84      181      139      157      212      167      139       78      148      162      167     
11|       63      145      132      215      146      100      203      139      146      100      103      160      129       79      114      172     
12|      210      145      113      204      218      119       96      220      101       79      128       82       89      180      223      192     
13|      104      129       95      100      111      185      181      149       78       43      136      174      111       87      146      131     
14|       68      136      116       92      151       89       75      116       99      100      178      169       96      104      194      195     
15|      158      175       78      167       43      118      116      178      118      151      185       65      176      148      136      158     

[action] : Max pooling
[size  ] :  8

[2]        0        1        2        3        4        5        6        7     
____________________________________________________________________________    
 0|      166      165      175      158      160      164      160      186     
 1|      204      192      178      156      142      175      158      142     
 2|      208      189      175      236      132      171      150      163     
 3|      192      138      175      143      130      149      159      125     
 4|      168      178      127      212      187      176      231      225     
 5|      145      215      146      203      212      167      148      172     
 6|      210      204      218      220      101      174      180      223     
 7|      175      167      151      178      151      185      176      195     

[action] : Max pooling
[size  ] :  4

[3]        0        1        2        3     
________________________________________    
 0|      204      178      175      186     
 1|      208      236      171      163     
 2|      215      212      212      231     
 3|      210      220      185      223     

[action] : Horizontal flip
[size  ] :  4

[4]        0        1        2        3     
________________________________________    
 0|      186      175      178      204     
 1|      163      171      236      208     
 2|      231      212      212      215     
 3|      223      185      220      210     

[action] : Cross correlation
[size  ] :  4

[5]        0        1        2        3     
________________________________________    
 0|    98284   127472   133948    47402     
 1|   147533   194526   195274    75309     
 2|   148862   200231   197901    81264     
 3|    79520   125539   120927    46376     

[=============]
[ Your answer ]
[=============]

[ ]        0        1        2        3     
________________________________________    
 0|    69623    80736    80301    75516     
 1|    84356   110103   115793   113348     
 2|    76549    98754   107956   105440     
 3|    72500    95777   100114    96461     

